last board[0, 0, 0, 0, 0, 0, 0, 0, 0, 0, 0, 0, 0, 0, 0, 0, 0, 0, 0, 0, 0, 2, 5, 4, 0, 0, 4, 15]
0.8
{'color': 1, 'RL_score': 0, 'board': [2, 0, 0, 0, 0, -5, 0, -3, 0, 0, 0, 5, -5, 0, 0, 0, 3, 0, 5, 0, 0, 0, 0, -2, 0, 0, 0, 0]}
{'color': 0, 'RL_score': 0, 'board': [2, -1, 0, 0, 0, -5, 0, -2, 0, 0, -1, 5, -4, 0, 0, 0, 3, 0, 5, 0, 0, 0, 0, -2, 0, 0, 0, 0]}
{'color': 1, 'RL_score': 0, 'board': [2, -1, 0, 0, 0, -5, 0, -2, 0, 0, -1, 4, -4, 0, 0, 0, 3, 0, 5, 0, 0, 0, 1, -2, 0, 0, 0, 0]}
{'color': 0, 'RL_score': 0, 'board': [2, -1, 0, -1, -1, -3, 0, -2, 0, 0, -1, 4, -4, 0, 0, 0, 3, 0, 5, 0, 0, 0, 1, -2, 0, 0, 0, 0]}
{'color': 1, 'RL_score': 0, 'board': [0, -1, 0, 1, -1, -3, 1, -2, 0, 0, -1, 4, -4, 0, 0, 0, 3, 0, 5, 0, 0, 0, 1, -2, 0, 1, 0, 0]}
{'color': 0, 'RL_score': 0, 'board': [-1, 0, 0, 1, -1, -3, 1, -2, 0, 0, -1, 4, -4, 0, 0, 0, 3, 0, 5, -1, 0, 0, 1, -2, 0, 0, 0, 0]}
{'color': 1, 'RL_score': 0, 'board': [-1, 0, 0, 0, -1, -3, 0, -2, 2, 0, -1, 4, -4, 0, 0, 0, 3, 0, 5, -1, 0, 0, 1, -2, 0, 0, 0, 0]}
{'color': 0, 'RL_score': 0, 'board': [-2, 0, 0, 0, -2, -2, 0, -2, 2, 0, 0, 4, -4, 0, 0, 0, 3, 0, 5, -1, 0, 0, 1, -2, 0, 0, 0, 0]}
{'color': 1, 'RL_score': 0, 'board': [-2, 0, 0, 0, -2, -2, 0, -2, 0, 0, 2, 3, -4, 1, 0, 0, 2, 0, 6, -1, 0, 0, 1, -2, 0, 0, 0, 0]}
{'color': 0, 'RL_score': 0, 'board': [-3, -1, 0, 0, -1, -1, 0, -2, 0, 0, 2, 3, -4, 1, 0, 0, 2, 0, 6, -1, 0, 0, 1, -2, 0, 0, 0, 0]}
{'color': 1, 'RL_score': 0, 'board': [-3, -1, 0, 0, -1, -1, 0, -2, 0, 0, 0, 1, -4, 1, 0, 0, 4, 2, 6, -1, 0, 0, 1, -2, 0, 0, 0, 0]}
{'color': 0, 'RL_score': 0, 'board': [-3, -1, -1, 0, 0, -1, 0, -2, 0, 0, 0, 1, -4, 1, 0, -1, 4, 2, 6, 0, 0, 0, 1, -2, 0, 0, 0, 0]}
{'color': 1, 'RL_score': 0, 'board': [-3, -1, -1, 0, 0, -1, 0, -2, 0, 0, 0, 0, -4, 0, 1, 1, 4, 2, 6, 0, 0, 0, 1, -2, 0, 1, 0, 0]}
{'color': 0, 'RL_score': 0, 'board': [-3, -2, 0, 0, 0, -1, 0, -2, 0, 0, 0, 0, -4, 0, 1, 1, 4, 2, 6, -1, 0, 0, 1, -2, 0, 0, 0, 0]}
{'color': 1, 'RL_score': 0, 'board': [-3, -2, 0, 0, 0, -1, 0, -2, 0, 0, 0, 0, -4, 0, 0, 1, 4, 2, 5, -1, 1, 1, 1, -2, 0, 0, 0, 0]}
{'color': 0, 'RL_score': 0, 'board': [-3, -3, 0, -1, 0, -1, 0, 0, 0, 0, 0, 0, -4, 0, 0, 1, 4, 2, 5, -1, 1, 1, 1, -2, 0, 0, 0, 0]}
{'color': 1, 'RL_score': 0, 'board': [-3, -3, 0, -1, 0, -1, 0, 0, 0, 0, 0, 0, -4, 0, 0, 0, 3, 2, 5, 2, 1, 1, 1, -2, 0, 1, 0, 0]}
{'color': 0, 'RL_score': 0, 'board': [-3, -3, 0, -1, 0, -1, 0, 0, 0, 0, 0, 0, -4, 0, 0, -1, 3, 2, 5, 2, 1, 0, 1, -2, 1, 0, 0, 0]}
{'color': 1, 'RL_score': 0, 'board': [-3, -3, 0, 0, 0, 1, 0, 0, 0, 0, 0, 0, -4, 0, 0, -1, 3, 2, 5, 2, 1, 0, 1, -2, 0, 2, 0, 0]}
{'color': 0, 'RL_score': 0, 'board': [-3, -3, 0, 0, 0, 1, 0, 0, 0, 0, 0, 0, -4, 0, 0, -1, 3, 2, 5, 2, -1, 0, 1, -3, 1, 0, 0, 0]}
{'color': 1, 'RL_score': 0, 'board': [-3, -3, 0, 0, 0, 2, 0, 0, 0, 0, 0, 0, -4, 0, 0, -1, 3, 2, 4, 2, 1, 0, 1, -3, 0, 1, 0, 0]}
{'color': 0, 'RL_score': 0, 'board': [-3, -3, 0, 0, 0, 2, 0, -1, 0, 0, 0, 0, -3, 0, 0, -1, 3, 2, 4, 2, -1, 0, 1, -3, 1, 0, 0, 0]}
{'color': 1, 'RL_score': 0, 'board': [-3, -3, 0, 1, 0, 2, 0, -1, 0, 0, 0, 0, -3, 0, 0, -1, 3, 1, 4, 2, -1, 0, 2, -3, 0, 0, 0, 0]}
{'color': 0, 'RL_score': 0, 'board': [-4, -2, 0, 1, 0, 2, 0, -1, 0, 0, 0, 0, -3, 0, 0, -1, 3, 1, 4, 2, -1, -1, 2, -2, 0, 0, 0, 0]}
{'color': 1, 'RL_score': 0, 'board': [-4, -2, 0, 0, 0, 2, 1, -1, 0, 0, 0, 0, -3, 0, 0, -1, 2, 2, 4, 2, -1, -1, 2, -2, 0, 0, 0, 0]}
{'color': 0, 'RL_score': 0, 'board': [-4, -3, 0, 0, 0, 2, 1, 0, 0, 0, 0, 0, -3, 0, 0, -1, 2, 2, 4, 2, -1, -1, 2, -2, 0, 0, 0, 0]}
{'color': 1, 'RL_score': 0, 'board': [-4, -3, 0, 0, 0, 1, 0, 1, 0, 0, 0, 1, -3, 0, 0, -1, 2, 2, 4, 2, -1, -1, 2, -2, 0, 0, 0, 0]}
{'color': 0, 'RL_score': 0, 'board': [-4, -4, 0, 0, 0, 1, 0, 0, 0, 0, 0, 1, -2, 0, 0, -1, 2, 2, 4, 2, -1, -1, 2, -2, 1, 0, 0, 0]}
{'color': 1, 'RL_score': 0, 'board': [-4, -4, 0, 0, 0, 2, 0, 0, 0, 0, 0, 1, -2, 0, 0, -1, 2, 1, 4, 3, -1, -1, 2, -2, 0, 0, 0, 0]}
{'color': 0, 'RL_score': 0, 'board': [-4, -4, 0, 0, 0, 2, 0, 0, 0, 0, -1, 1, -1, 0, 0, -1, 2, -1, 4, 3, 0, -1, 2, -2, 1, 0, 0, 0]}
{'color': 1, 'RL_score': 0, 'board': [-4, -4, 1, 0, 0, 2, 0, 0, 0, 0, -1, 1, -1, 0, 0, -1, 1, 1, 4, 3, 0, -1, 2, -2, 0, 1, 0, 0]}
{'color': 0, 'RL_score': 0, 'board': [-4, -4, 1, 0, 0, 2, 0, 0, 0, 0, -1, 1, -1, 0, 0, -1, 1, 1, 4, 3, 0, -2, 2, -2, 0, 0, 0, 0]}
{'color': 1, 'RL_score': 0, 'board': [-4, -4, 0, 0, 0, 2, 0, 0, 0, 0, -1, 1, 1, 0, 0, -1, 1, 1, 4, 3, 0, -2, 2, -2, 0, 1, 0, 0]}
{'color': 0, 'RL_score': 0, 'board': [-4, -4, 0, 0, 0, 2, 0, 0, 0, 0, -1, 1, 1, 0, 0, -1, 1, -1, 4, 3, 0, -2, 2, -2, 1, 0, 0, 0]}
{'color': 1, 'RL_score': 0, 'board': [-4, -4, 0, 0, 0, 1, 0, 0, 0, 1, -1, 2, 1, 0, 0, -1, 1, -1, 4, 3, 0, -2, 2, -2, 0, 0, 0, 0]}
{'color': 0, 'RL_score': 0, 'board': [-4, -4, 0, 0, 0, 1, 0, -1, 0, 1, 0, 2, 1, -1, 0, -1, 1, 0, 4, 3, 0, -2, 2, -2, 0, 0, 0, 0]}
{'color': 1, 'RL_score': 0, 'board': [-4, -4, 0, 0, 0, 0, 0, -1, 1, 1, 0, 1, 2, -1, 0, -1, 1, 0, 4, 3, 0, -2, 2, -2, 0, 0, 0, 0]}
{'color': 0, 'RL_score': 0, 'board': [-4, -4, 0, -1, 0, 0, 0, 0, 1, 1, -1, 1, 2, -1, 0, 0, 1, 0, 4, 3, 0, -2, 2, -2, 0, 0, 0, 0]}
{'color': 1, 'RL_score': 0, 'board': [-4, -4, 0, -1, 0, 0, 0, 0, 0, 2, -1, 1, 2, -1, 0, 0, 0, 0, 5, 3, 0, -2, 2, -2, 0, 0, 0, 0]}
{'color': 0, 'RL_score': 0, 'board': [-4, -4, 0, -1, 0, -1, 0, 0, 0, 2, 0, 1, 2, -1, 0, 0, 0, -1, 5, 3, 0, -2, 2, -1, 0, 0, 0, 0]}
{'color': 1, 'RL_score': 0, 'board': [-4, -4, 0, -1, 0, -1, 0, 0, 0, 1, 0, 0, 3, -1, 1, 0, 0, -1, 5, 3, 0, -2, 2, -1, 0, 0, 0, 0]}
{'color': 0, 'RL_score': 0, 'board': [-4, -5, 0, -1, 0, 0, 0, 0, 0, 1, 0, 0, 3, -1, 1, 0, -1, -1, 5, 3, 0, -1, 2, -1, 0, 0, 0, 0]}
{'color': 1, 'RL_score': 0, 'board': [-4, -5, 0, -1, 0, 0, 0, 0, 0, 0, 0, 0, 4, -1, 1, 0, -1, -1, 5, 2, 1, -1, 2, -1, 0, 0, 0, 0]}
{'color': 0, 'RL_score': 0, 'board': [-4, -5, 0, -1, 0, 0, 0, -1, 0, 0, 0, 0, 4, 0, 1, -1, -1, 0, 5, 2, 1, -1, 2, -1, 0, 0, 0, 0]}
{'color': 1, 'RL_score': 0, 'board': [-4, -5, 0, -1, 0, 0, 0, -1, 0, 0, 0, 0, 3, 0, 1, -1, -1, 0, 6, 1, 1, 1, 2, -1, 0, 1, 0, 0]}
{'color': 0, 'RL_score': 0, 'board': [-4, -6, 0, -1, 0, 0, 0, 0, 0, 0, 0, 0, 3, 0, 1, -1, -1, 0, 6, 1, 1, 1, 2, -2, 0, 0, 0, 0]}
{'color': 1, 'RL_score': 0, 'board': [-4, -6, 0, -1, 0, 0, 0, 0, 0, 0, 0, 0, 1, 0, 2, -1, -1, 1, 6, 1, 1, 1, 2, -2, 0, 0, 0, 0]}
{'color': 0, 'RL_score': 0, 'board': [-4, -7, 0, 0, 0, 0, 0, 0, 0, 0, 0, -1, 1, 0, 2, -1, 0, 1, 6, 1, 1, 1, 2, -2, 0, 0, 0, 0]}
{'color': 1, 'RL_score': 0, 'board': [-4, -7, 0, 0, 0, 0, 0, 0, 0, 0, 0, -1, 0, 0, 3, -1, 0, 0, 6, 1, 1, 1, 3, -2, 0, 0, 0, 0]}
{'color': 0, 'RL_score': 0, 'board': [-4, -7, 0, 0, 0, 0, 0, 0, 0, 0, -1, -1, 0, 0, 3, 0, 0, 0, 6, 1, 1, 1, 3, -2, 0, 0, 0, 0]}
{'color': 1, 'RL_score': 0, 'board': [-4, -7, 0, 0, 0, 0, 0, 0, 0, 0, -1, -1, 0, 0, 2, 0, 0, 0, 6, 1, 2, 1, 3, -2, 0, 0, 0, 0]}
{'color': 0, 'RL_score': 0, 'board': [-5, -7, 0, 0, 0, 0, 0, 0, 0, 0, 0, -1, 0, 0, 2, 0, 0, 0, 6, 1, 2, 1, 3, -2, 0, 0, 0, 0]}
{'color': 1, 'RL_score': 0, 'board': [-5, -7, 0, 0, 0, 0, 0, 0, 0, 0, 0, -1, 0, 0, 1, 0, 0, 1, 5, 1, 2, 1, 4, -2, 0, 0, 0, 0]}
{'color': 0, 'RL_score': 0, 'board': [-6, -6, 0, 0, 0, 0, -1, 0, 0, 0, 0, 0, 0, 0, 1, 0, 0, 1, 5, 1, 2, 1, 4, -2, 0, 0, 0, 0]}
{'color': 1, 'RL_score': 0, 'board': [-6, -6, 0, 0, 0, 0, -1, 0, 0, 0, 0, 0, 0, 0, 0, 0, 0, 1, 6, 1, 2, 1, 4, -2, 0, 0, 0, 0]}
{'color': 0, 'RL_score': 0, 'board': [-6, -6, 0, 0, 0, 0, -1, 0, 0, 0, 0, 0, 0, 0, 0, 0, 0, -1, 6, 1, 2, -1, 4, 0, 2, 0, 0, 0]}
{'color': 1, 'RL_score': 0, 'board': [-6, -6, 1, 0, 0, 1, -1, 0, 0, 0, 0, 0, 0, 0, 0, 0, 0, -1, 6, 0, 2, -1, 5, 0, 0, 0, 0, 0]}
{'color': 0, 'RL_score': 0, 'board': [-7, -5, 1, 0, 0, 1, -1, 0, 0, 0, 0, 0, 0, 0, 0, -1, 0, 0, 6, 0, 2, -1, 5, 0, 0, 0, 0, 0]}
{'color': 1, 'RL_score': 0, 'board': [-7, -5, 0, 0, 0, 2, -1, 0, 0, 0, 0, 0, 0, 0, 0, -1, 0, 0, 5, 1, 2, -1, 5, 0, 0, 0, 0, 0]}
{'color': 0, 'RL_score': 0, 'board': [-8, -5, 0, -1, 0, 2, 0, 0, 0, 0, 0, 0, 0, 0, 0, -1, 0, 0, 5, 1, 2, 0, 5, 0, 0, 0, 0, 0]}
{'color': 1, 'RL_score': 0, 'board': [-8, -5, 0, -1, 0, 0, 1, 0, 0, 0, 1, 0, 0, 0, 0, -1, 0, 0, 5, 1, 2, 0, 5, 0, 0, 0, 0, 0]}
{'color': 0, 'RL_score': 0, 'board': [-9, -4, 0, -1, 0, 0, 1, 0, 0, 0, -1, 0, 0, 0, 0, 0, 0, 0, 5, 1, 2, 0, 5, 0, 1, 0, 0, 0]}
{'color': 1, 'RL_score': 0, 'board': [-9, -4, 0, -1, 0, 0, 1, 0, 0, 0, -1, 0, 0, 0, 0, 0, 0, 0, 5, 1, 2, 0, 5, 1, 0, 0, 0, 0]}
{'color': 0, 'RL_score': 0, 'board': [-9, -4, -1, 0, 0, 0, 1, -1, 0, 0, 0, 0, 0, 0, 0, 0, 0, 0, 5, 1, 2, 0, 5, 1, 0, 0, 0, 0]}
{'color': 1, 'RL_score': 0, 'board': [-9, -4, -1, 0, 0, 0, 0, -1, 0, 0, 0, 0, 1, 0, 0, 0, 0, 0, 4, 1, 2, 0, 5, 2, 0, 0, 0, 0]}
{'color': 0, 'RL_score': 0, 'board': [-9, -4, -2, 0, 0, 0, 0, 0, 0, 0, 0, 0, 1, 0, 0, 0, 0, 0, 4, 1, 2, 0, 5, 2, 0, 0, 0, 0]}
{'color': 1, 'RL_score': 0, 'board': [-9, -4, -2, 0, 0, 0, 0, 0, 0, 0, 0, 0, 0, 0, 0, 0, 0, 0, 4, 0, 2, 1, 6, 2, 0, 0, 0, 0]}
{'color': 0, 'RL_score': 0, 'board': [-6, -3, -2, 0, 0, 0, 0, 0, 0, 0, 0, 0, 0, 0, 0, 0, 0, 0, 4, 0, 2, 1, 6, 2, 0, 0, 0, 4]}
{'color': 1, 'RL_score': 0, 'board': [-6, -3, -2, 0, 0, 0, 0, 0, 0, 0, 0, 0, 0, 0, 0, 0, 0, 0, 1, 3, 1, 2, 6, 2, 0, 0, 0, 4]}
{'color': 0, 'RL_score': 0, 'board': [-3, -2, -2, 0, 0, 0, 0, 0, 0, 0, 0, 0, 0, 0, 0, 0, 0, 0, 1, 3, 1, 2, 6, 2, 0, 0, 0, 8]}
{'color': 1, 'RL_score': 0, 'board': [-3, -2, -2, 0, 0, 0, 0, 0, 0, 0, 0, 0, 0, 0, 0, 0, 0, 0, 0, 3, 1, 2, 5, 4, 0, 0, 0, 8]}
{'color': 0, 'RL_score': 0, 'board': [-2, -1, -2, 0, 0, 0, 0, 0, 0, 0, 0, 0, 0, 0, 0, 0, 0, 0, 0, 3, 1, 2, 5, 4, 0, 0, 0, 10]}
{'color': 1, 'RL_score': 0, 'board': [-2, -1, -2, 0, 0, 0, 0, 0, 0, 0, 0, 0, 0, 0, 0, 0, 0, 0, 0, 2, 0, 2, 5, 6, 0, 0, 0, 10]}
{'color': 0, 'RL_score': 0, 'board': [-2, -1, 0, 0, 0, 0, 0, 0, 0, 0, 0, 0, 0, 0, 0, 0, 0, 0, 0, 2, 0, 2, 5, 6, 0, 0, 0, 12]}
{'color': 1, 'RL_score': 0, 'board': [-2, -1, 0, 0, 0, 0, 0, 0, 0, 0, 0, 0, 0, 0, 0, 0, 0, 0, 0, 1, 0, 2, 5, 5, 0, 0, 2, 12]}
{'color': 0, 'RL_score': 0, 'board': [-1, 0, 0, 0, 0, 0, 0, 0, 0, 0, 0, 0, 0, 0, 0, 0, 0, 0, 0, 1, 0, 2, 5, 5, 0, 0, 2, 14]}
{'color': 1, 'RL_score': 0, 'board': [-1, 0, 0, 0, 0, 0, 0, 0, 0, 0, 0, 0, 0, 0, 0, 0, 0, 0, 0, 0, 0, 2, 5, 4, 0, 0, 4, 14]}
{'color': 1, 'RL_score': 0, 'board': [0, 0, 0, 0, 0, 0, 0, 0, 0, 0, 0, 0, 0, 0, 0, 0, 0, 0, 0, 0, 0, 2, 5, 4, 0, 0, 4, 15]}
last board[0, 0, 0, 0, 0, 0, 0, 0, 0, 0, 0, 0, 0, 0, 0, 0, 0, 0, 0, 0, 0, 1, 4, 0, 0, 0, 10, 15]
0.8
{'color': 1, 'RL_score': np.float64(0.8), 'board': [2, 0, 0, 0, 0, -5, 0, -3, 0, 0, 0, 5, -5, 0, 0, 0, 3, 0, 5, 0, 0, 0, 0, -2, 0, 0, 0, 0]}
{'color': 0, 'RL_score': 0, 'board': [2, 0, -1, 0, 0, -5, -1, -1, 0, 0, 0, 5, -5, 0, 0, 0, 3, 0, 5, 0, 0, 0, 0, -2, 0, 0, 0, 0]}
{'color': 1, 'RL_score': np.float64(0.8), 'board': [0, 0, -1, 0, 0, -5, 2, -1, 0, 0, 0, 4, -5, 0, 0, 0, 2, 1, 5, 0, 0, 0, 1, -2, 0, 1, 0, 0]}
{'color': 0, 'RL_score': 0, 'board': [0, -1, -1, 0, 0, -4, 2, -1, 0, 0, 0, 4, -5, 0, 0, 0, 2, 1, 5, 0, 0, -1, 1, -2, 0, 0, 0, 0]}
{'color': 1, 'RL_score': np.float64(0.8), 'board': [0, -1, -1, 0, 0, -4, 2, -1, 0, 0, 0, 3, -5, 0, 0, 0, 1, 2, 5, 1, 0, -1, 1, -2, 0, 0, 0, 0]}
{'color': 0, 'RL_score': 0, 'board': [0, -2, -1, 0, 0, -3, 2, -1, 0, 0, 0, 3, -5, 0, 0, 0, 1, 2, 5, 1, 0, -1, 1, -2, 0, 0, 0, 0]}
{'color': 1, 'RL_score': np.float64(0.8), 'board': [0, -2, -1, 0, 0, -3, 2, -1, 0, 0, 0, 2, -5, 0, 0, 0, 1, 2, 5, 1, 0, -1, 2, -2, 0, 0, 0, 0]}
{'color': 0, 'RL_score': 0, 'board': [0, -2, -1, -1, 0, -3, 2, 0, 0, 0, 0, 2, -5, 0, 0, -1, 1, 2, 5, 1, 0, 0, 2, -2, 0, 0, 0, 0]}
{'color': 1, 'RL_score': np.float64(0.8), 'board': [0, -2, -1, -1, 0, -3, 0, 1, 1, 0, 0, 2, -5, 0, 0, -1, 1, 1, 6, 1, 0, 0, 2, -2, 0, 0, 0, 0]}
{'color': 0, 'RL_score': 0, 'board': [-1, -2, -1, 0, 0, -3, 0, 1, -1, 0, 0, 2, -4, 0, 0, -1, 1, 1, 6, 1, 0, 0, 2, -2, 1, 0, 0, 0]}
{'color': 1, 'RL_score': np.float64(0.8), 'board': [-1, -2, -1, 1, 0, -3, 0, 0, 1, 0, 0, 2, -4, 0, 0, -1, 1, 1, 6, 1, 0, 0, 2, -2, 0, 1, 0, 0]}
{'color': 0, 'RL_score': 0, 'board': [-3, -1, 0, 1, 0, -3, 0, 0, 1, 0, 0, 2, -4, 0, 0, -1, 1, 1, 6, 1, 0, 0, 2, -3, 0, 0, 0, 0]}
{'color': 1, 'RL_score': np.float64(0.8), 'board': [-3, -1, 0, 1, 0, -3, 0, 0, 0, 0, 1, 0, -4, 2, 0, -1, 0, 1, 7, 1, 0, 0, 2, -3, 0, 0, 0, 0]}
{'color': 0, 'RL_score': 0, 'board': [-3, -1, 0, 1, 0, -3, -1, 0, 0, 0, 1, 0, -4, 2, 0, 0, 0, 1, 7, 1, 0, 0, 2, -3, 0, 0, 0, 0]}
{'color': 1, 'RL_score': np.float64(0.8), 'board': [-3, -1, 0, 0, 0, -3, 0, 0, 0, 1, 0, 0, -4, 3, 0, 0, 0, 0, 7, 1, 1, 0, 2, -3, 0, 1, 0, 0]}
{'color': 0, 'RL_score': 0, 'board': [-3, -1, 0, 0, 0, -3, -1, 0, 0, 1, 0, 0, -3, 3, 0, 0, 0, 0, 7, 1, -1, 0, 2, -3, 1, 0, 0, 0]}
{'color': 1, 'RL_score': np.float64(0.8), 'board': [-3, -1, 0, 0, 0, -3, 1, 0, 0, 1, 0, 0, -3, 3, 0, 0, 0, 0, 7, 1, -1, 0, 2, -3, 0, 1, 0, 0]}
{'color': 0, 'RL_score': 0, 'board': [-3, -3, 0, 0, 0, -1, 1, 0, 0, 1, 0, 0, -3, 3, 0, 0, -1, 0, 7, 1, -1, 0, 2, -3, 0, 0, 0, 0]}
{'color': 1, 'RL_score': np.float64(0.8), 'board': [-3, -3, 0, 0, 0, -1, 1, 0, 0, 0, 0, 0, -3, 3, 0, 0, -1, 1, 7, 1, -1, 0, 2, -3, 0, 0, 0, 0]}
{'color': 0, 'RL_score': 0, 'board': [-3, -4, 0, 0, -1, 0, 1, 0, 0, 0, 0, 0, -3, 3, 0, 0, 0, 1, 7, 1, -1, 0, 2, -3, 0, 0, 0, 0]}
{'color': 1, 'RL_score': np.float64(0.8), 'board': [-3, -4, 0, 0, -1, 0, 1, 0, 0, 0, 0, 0, -3, 0, 0, 0, 0, 1, 7, 4, -1, 0, 2, -3, 0, 0, 0, 0]}
{'color': 0, 'RL_score': 0, 'board': [-3, -4, 0, -1, 0, 0, 1, 0, -1, 0, 0, 0, -2, 0, 0, 0, 0, 1, 7, 4, -1, 0, 2, -3, 0, 0, 0, 0]}
{'color': 1, 'RL_score': np.float64(0.8), 'board': [-3, -4, 0, -1, 0, 0, 0, 0, -1, 0, 1, 0, -2, 0, 0, 0, 0, 1, 6, 5, -1, 0, 2, -3, 0, 0, 0, 0]}
{'color': 0, 'RL_score': 0, 'board': [-3, -4, 0, -2, 0, 0, 0, 0, 0, 0, 1, -1, -1, 0, 0, 0, 0, 1, 6, 5, -1, 0, 2, -3, 0, 0, 0, 0]}
{'color': 1, 'RL_score': np.float64(0.8), 'board': [-3, -4, 0, -2, 0, 0, 0, 0, 0, 0, 0, -1, -1, 0, 1, 0, 0, 0, 6, 5, -1, 0, 3, -3, 0, 0, 0, 0]}
{'color': 0, 'RL_score': 0, 'board': [-3, -4, 0, -2, 0, 0, 0, -1, 0, 0, 0, 0, -1, 0, -1, 0, 0, 0, 6, 5, 0, 0, 3, -3, 1, 0, 0, 0]}
{'color': 1, 'RL_score': np.float64(0.8), 'board': [-3, -4, 0, -2, 0, 0, 0, -1, 1, 0, 0, 0, -1, 0, -1, 0, 0, 0, 6, 5, 0, 0, 3, -3, 0, 0, 0, 0]}
{'color': 0, 'RL_score': 0, 'board': [-4, -4, 0, -2, 0, 0, 0, 0, 1, 0, 0, 0, -1, 0, -1, 0, 0, 0, 6, 5, 0, 0, 3, -3, 0, 0, 0, 0]}
{'color': 1, 'RL_score': np.float64(0.8), 'board': [-4, -4, 0, -2, 0, 0, 0, 0, 0, 0, 0, 0, 1, 0, -1, 0, 0, 0, 5, 5, 0, 1, 3, -3, 0, 1, 0, 0]}
{'color': 0, 'RL_score': 0, 'board': [-4, -4, 0, -2, 0, 0, 0, 0, 0, 0, 0, 0, 1, 0, -1, 0, 0, 0, 5, 5, -1, 0, 3, -3, 1, 0, 0, 0]}
{'color': 1, 'RL_score': np.float64(0.8), 'board': [-4, -4, 0, -2, 0, 1, 0, 0, 0, 0, 0, 0, 1, 0, -1, 0, 0, 0, 4, 5, 1, 0, 3, -3, 0, 1, 0, 0]}
{'color': 0, 'RL_score': 0, 'board': [-4, -4, 0, -2, 0, 1, 0, 0, 0, 0, 0, 0, 1, 0, -2, 0, 0, 0, 4, 5, 0, 0, 3, -3, 1, 0, 0, 0]}
{'color': 1, 'RL_score': np.float64(0.8), 'board': [-4, -4, 0, -2, 0, 2, 0, 0, 0, 0, 0, 0, 1, 0, -2, 0, 0, 0, 4, 4, 1, 0, 3, -3, 0, 0, 0, 0]}
{'color': 0, 'RL_score': 0, 'board': [-4, -4, 0, -2, 0, 2, 0, 0, -1, 0, 0, 0, 0, 0, -1, 0, 0, 0, 4, 4, 1, 0, 3, -3, 1, 0, 0, 0]}
{'color': 1, 'RL_score': np.float64(0.8), 'board': [-4, -4, 0, -2, 0, 2, 0, 0, -1, 0, 0, 0, 0, 0, -1, 0, 0, 0, 4, 4, 1, 0, 3, -3, 1, 0, 0, 0]}
{'color': 0, 'RL_score': 0, 'board': [-5, -3, 0, -2, 0, 2, 0, 0, -1, 0, 0, 0, -1, 0, 0, 0, 0, 0, 4, 4, 1, 0, 3, -3, 1, 0, 0, 0]}
{'color': 1, 'RL_score': np.float64(0.8), 'board': [-5, -3, 0, -2, 0, 2, 0, 0, -1, 0, 1, 0, -1, 0, 0, 0, 0, 0, 4, 4, 1, 0, 3, -3, 0, 0, 0, 0]}
{'color': 0, 'RL_score': 0, 'board': [-5, -3, 0, -2, 0, 2, 0, 0, -2, 0, 1, 0, 0, 0, 0, 0, 0, -1, 4, 4, 1, 0, 3, -2, 0, 0, 0, 0]}
{'color': 1, 'RL_score': np.float64(0.8), 'board': [-5, -3, 0, -2, 0, 1, 1, 0, -2, 0, 0, 0, 0, 0, 0, 0, 1, -1, 4, 4, 1, 0, 3, -2, 0, 0, 0, 0]}
{'color': 0, 'RL_score': 0, 'board': [-7, -3, 0, 0, 0, -2, 1, 0, 0, 0, 0, 0, 0, 0, 0, 0, 1, -1, 4, 4, 1, 0, 3, -2, 1, 0, 0, 0]}
{'color': 1, 'RL_score': np.float64(0.8), 'board': [-7, -3, 0, 0, 0, -2, 1, 1, 0, 0, 0, 0, 0, 0, 0, 0, 1, -1, 4, 4, 1, 0, 3, -2, 0, 0, 0, 0]}
{'color': 0, 'RL_score': 0, 'board': [-8, -3, 0, 0, 0, -1, 1, 1, 0, 0, 0, 0, 0, 0, 0, 0, 1, -1, 4, 4, 1, 0, 3, -2, 0, 0, 0, 0]}
{'color': 1, 'RL_score': np.float64(0.8), 'board': [-8, -3, 0, 0, 0, -1, 0, 0, 0, 0, 0, 1, 0, 0, 1, 0, 1, -1, 3, 4, 1, 0, 4, -2, 0, 0, 0, 0]}
{'color': 0, 'RL_score': 0, 'board': [-8, -3, -1, 0, 0, 0, 0, 0, 0, 0, 0, -1, 0, 0, 0, 0, 1, 0, 3, 4, -1, 0, 4, -1, 3, 0, 0, 0]}
{'color': 1, 'RL_score': np.float64(0.8), 'board': [-8, -3, -1, 0, 0, 2, 0, 0, 0, 0, 0, 1, 0, 0, 0, 0, 1, 0, 3, 4, -1, 0, 4, -1, 0, 1, 0, 0]}
{'color': 0, 'RL_score': 0, 'board': [-8, -3, -1, 0, 0, 2, 0, 0, 0, 0, 0, 1, 0, 0, 0, 0, 1, -1, 3, 4, -1, -1, 4, 0, 0, 0, 0, 0]}
{'color': 1, 'RL_score': np.float64(0.8), 'board': [-8, -3, -1, 0, 0, 0, 0, 1, 0, 0, 0, 2, 0, 0, 0, 0, 1, -1, 3, 4, -1, -1, 4, 0, 0, 0, 0, 0]}
{'color': 0, 'RL_score': 0, 'board': [-9, -2, -1, 0, 0, 0, 0, 1, 0, 0, 0, 2, 0, 0, 0, -1, 1, 0, 3, 4, -1, -1, 4, 0, 0, 0, 0, 0]}
{'color': 1, 'RL_score': np.float64(0.8), 'board': [-9, -2, -1, 0, 0, 0, 0, 0, 0, 0, 0, 2, 0, 1, 0, -1, 0, 0, 4, 4, -1, -1, 4, 0, 0, 0, 0, 0]}
{'color': 0, 'RL_score': 0, 'board': [-10, -2, 0, 0, 0, 0, 0, 0, 0, -1, 0, 2, 0, 1, 0, 0, 0, 0, 4, 4, -1, -1, 4, 0, 0, 0, 0, 0]}
{'color': 1, 'RL_score': np.float64(0.8), 'board': [-10, -2, 0, 0, 0, 0, 0, 0, 0, -1, 0, 1, 0, 0, 0, 0, 2, 0, 4, 4, -1, -1, 4, 0, 0, 0, 0, 0]}
{'color': 0, 'RL_score': 0, 'board': [-11, -2, 0, 0, 0, 0, 0, 0, 0, 0, 0, 1, 0, 0, 0, 0, 2, -1, 4, 4, 0, -1, 4, 0, 0, 0, 0, 0]}
{'color': 1, 'RL_score': np.float64(0.8), 'board': [-11, -2, 0, 0, 0, 0, 0, 0, 0, 0, 0, 0, 0, 0, 0, 1, 2, -1, 3, 5, 0, -1, 4, 0, 0, 0, 0, 0]}
{'color': 0, 'RL_score': 0, 'board': [-11, -2, 0, 0, 0, 0, 0, 0, 0, 0, -1, 0, 0, 0, 0, 1, 2, 0, 3, 5, 0, -1, 4, 0, 0, 0, 0, 0]}
{'color': 1, 'RL_score': np.float64(0.8), 'board': [-11, -2, 0, 0, 0, 0, 0, 0, 0, 0, -1, 0, 0, 0, 0, 1, 0, 0, 3, 5, 1, -1, 5, 0, 0, 0, 0, 0]}
{'color': 0, 'RL_score': 0, 'board': [-11, -2, 0, 0, 0, 0, -1, 0, 0, 0, 0, 0, 0, 0, 0, 1, 0, 0, 3, 5, -1, 0, 5, 0, 1, 0, 0, 0]}
{'color': 1, 'RL_score': np.float64(0.8), 'board': [-11, -2, 0, 0, 0, 0, -1, 0, 0, 0, 0, 0, 0, 0, 0, 2, 0, 0, 3, 5, -1, 0, 5, 0, 0, 0, 0, 0]}
{'color': 0, 'RL_score': 0, 'board': [-11, -3, 0, 0, 0, 0, 0, 0, 0, 0, 0, 0, 0, 0, 0, 2, 0, -1, 3, 5, 0, 0, 5, 0, 0, 0, 0, 0]}
{'color': 1, 'RL_score': np.float64(0.8), 'board': [-11, -3, 0, 0, 0, 0, 0, 0, 0, 0, 0, 0, 0, 0, 0, 0, 0, -1, 3, 6, 0, 1, 5, 0, 0, 0, 0, 0]}
{'color': 0, 'RL_score': 0, 'board': [-11, -3, 0, 0, 0, 0, 0, 0, -1, 0, 0, 0, 0, 0, 0, 0, 0, 0, 3, 6, 0, 1, 5, 0, 0, 0, 0, 0]}
{'color': 1, 'RL_score': np.float64(0.8), 'board': [-11, -3, 0, 0, 0, 0, 0, 0, -1, 0, 0, 0, 0, 0, 0, 0, 0, 0, 1, 6, 0, 1, 6, 0, 0, 0, 1, 0]}
{'color': 0, 'RL_score': 0, 'board': [-11, -2, 0, 0, -1, 0, 0, 0, 0, 0, 0, 0, 0, 0, 0, 0, 0, 0, 1, 6, 0, 1, 6, 0, 0, 0, 1, 1]}
{'color': 1, 'RL_score': np.float64(0.8), 'board': [-11, -2, 0, 0, -1, 0, 0, 0, 0, 0, 0, 0, 0, 0, 0, 0, 0, 0, 0, 6, 0, 0, 7, 0, 0, 0, 2, 1]}
{'color': 0, 'RL_score': 0, 'board': [-10, -3, 0, 0, 0, 0, 0, 0, 0, 0, 0, 0, 0, 0, 0, 0, 0, 0, 0, 6, 0, 0, 7, 0, 0, 0, 2, 2]}
{'color': 1, 'RL_score': np.float64(0.8), 'board': [-10, -3, 0, 0, 0, 0, 0, 0, 0, 0, 0, 0, 0, 0, 0, 0, 0, 0, 0, 5, 0, 0, 7, 0, 0, 0, 3, 2]}
{'color': 0, 'RL_score': 0, 'board': [-8, -3, 0, 0, 0, 0, 0, 0, 0, 0, 0, 0, 0, 0, 0, 0, 0, 0, 0, 5, 0, 0, 7, 0, 0, 0, 3, 4]}
{'color': 1, 'RL_score': np.float64(0.8), 'board': [-8, -3, 0, 0, 0, 0, 0, 0, 0, 0, 0, 0, 0, 0, 0, 0, 0, 0, 0, 3, 1, 0, 7, 0, 0, 0, 4, 4]}
{'color': 0, 'RL_score': 0, 'board': [-8, -1, 0, 0, 0, 0, 0, 0, 0, 0, 0, 0, 0, 0, 0, 0, 0, 0, 0, 3, 1, 0, 7, 0, 0, 0, 4, 6]}
{'color': 1, 'RL_score': np.float64(0.8), 'board': [-8, -1, 0, 0, 0, 0, 0, 0, 0, 0, 0, 0, 0, 0, 0, 0, 0, 0, 0, 2, 1, 0, 7, 0, 0, 0, 5, 6]}
{'color': 0, 'RL_score': 0, 'board': [-7, 0, 0, 0, 0, 0, 0, 0, 0, 0, 0, 0, 0, 0, 0, 0, 0, 0, 0, 2, 1, 0, 7, 0, 0, 0, 5, 8]}
{'color': 1, 'RL_score': np.float64(0.8), 'board': [-7, 0, 0, 0, 0, 0, 0, 0, 0, 0, 0, 0, 0, 0, 0, 0, 0, 0, 0, 1, 2, 0, 6, 0, 0, 0, 6, 8]}
{'color': 0, 'RL_score': 0, 'board': [-5, 0, 0, 0, 0, 0, 0, 0, 0, 0, 0, 0, 0, 0, 0, 0, 0, 0, 0, 1, 2, 0, 6, 0, 0, 0, 6, 10]}
{'color': 1, 'RL_score': np.float64(0.8), 'board': [-5, 0, 0, 0, 0, 0, 0, 0, 0, 0, 0, 0, 0, 0, 0, 0, 0, 0, 0, 0, 1, 2, 5, 1, 0, 0, 6, 10]}
{'color': 0, 'RL_score': 0, 'board': [-3, 0, 0, 0, 0, 0, 0, 0, 0, 0, 0, 0, 0, 0, 0, 0, 0, 0, 0, 0, 1, 2, 5, 1, 0, 0, 6, 12]}
{'color': 1, 'RL_score': np.float64(0.8), 'board': [-3, 0, 0, 0, 0, 0, 0, 0, 0, 0, 0, 0, 0, 0, 0, 0, 0, 0, 0, 0, 0, 2, 5, 0, 0, 0, 8, 12]}
{'color': 0, 'RL_score': 0, 'board': [-1, 0, 0, 0, 0, 0, 0, 0, 0, 0, 0, 0, 0, 0, 0, 0, 0, 0, 0, 0, 0, 2, 5, 0, 0, 0, 8, 14]}
{'color': 1, 'RL_score': np.float64(0.8), 'board': [-1, 0, 0, 0, 0, 0, 0, 0, 0, 0, 0, 0, 0, 0, 0, 0, 0, 0, 0, 0, 0, 1, 4, 0, 0, 0, 10, 14]}
{'color': 1, 'RL_score': np.float64(0.8), 'board': [0, 0, 0, 0, 0, 0, 0, 0, 0, 0, 0, 0, 0, 0, 0, 0, 0, 0, 0, 0, 0, 1, 4, 0, 0, 0, 10, 15]}
